3 193 291 253
3 93 211 267
3 24 34 22
3 278 107 46
3 175 270 53
3 3 146 8
2 66 277
3 115 251 39
2 222 254
2 45 198
2 7 158
2 122 69
2 30 29
2 172 9
2 192 147
2 281 246
2 132 31
2 299 157
2 228 84
2 61 110
2 186 38
2 286 229
2 209 234
2 109 274
2 99 145
2 149 133
2 250 166
2 230 153
3 248 140 2
2 182 77
2 100 280
2 44 174
2 173 92
2 113 187
2 58 195
2 55 220
3 215 95 87
2 136 67
2 64 169
2 266 200
2 26 21
3 108 62 57
2 118 76
2 183 36
2 199 137
2 139 269
2 238 275
2 231 117
2 14 165
2 35 202
2 252 279
2 255 41
2 123 71
2 191 125
2 163 184
2 263 261
2 130 232
2 268 65
2 168 207
2 56 289
2 177 159
2 129 160
2 210 40
2 161 264
2 105 162
2 82 237
2 51 154
2 227 292
2 86 144
2 206 225
2 224 81
2 171 240
2 60 79
2 167 294
2 283 28
2 5 239
2 72 233
2 134 70
2 120 260
2 91 188
2 189 23
2 194 20
2 235 127
2 128 121
2 78 204
2 290 221
2 176 88
2 27 217
2 273 247
2 4 148
2 17 297
2 218 262
2 13 97
2 124 103
2 52 236
2 6 32
2 164 256
2 170 178
2 296 37
2 90 214
