2 8452 7852
2 7003 4699
2 8046 4813
2 3795 2403
2 9099 8232
2 9944 3095
2 4303 4723
2 396 1275
2 6689 4109
2 2662 9611
2 7966 4681
2 1270 5093
2 9144 868
2 8732 7925
2 1680 1617
2 1107 2545
2 2272 7144
2 19 3411
2 1188 743
2 2787 1489
2 1989 7281
2 4789 9956
2 5424 3851
2 5739 6909
2 7105 9166
2 2352 7012
2 3139 4878
2 2863 8985
2 2605 1557
2 103 5874
2 5490 738
2 3198 4485
2 4460 3625
2 5321 6524
2 1480 9005
2 7447 5205
2 4484 623
2 245 5647
2 171 1372
2 7133 6395
2 4247 1469
2 619 2930
2 4665 88
2 8145 3348
2 2400 751
2 8087 2837
2 3623 8924
2 1293 3933
2 5452 8533
2 6943 3606
2 9953 7949
2 1691 4916
2 2646 5473
2 4026 2874
2 1725 8530
2 4253 2213
2 4316 683
2 6743 7207
2 4575 4794
2 1823 8185
2 2193 6519
2 4323 2160
2 1057 8644
2 8736 5716
2 3646 5050
2 739 5456
2 1686 5625
2 6159 2398
2 1374 1501
2 7620 8128
2 7900 3517
2 8511 3241
2 519 4593
2 9720 1673
2 1850 4787
2 5353 8005
2 3878 6750
2 7616 7128
2 9032 4864
2 4776 8324
2 4399 1748
2 8655 6488
2 3801 1594
2 2958 9096
2 9889 4408
2 8079 9426
2 968 5727
2 5947 3698
2 3187 3115
2 3962 6496
2 8066 1312
2 3652 7151
2 6491 6374
2 1101 2035
2 1345 6341
2 8143 7639
2 7653 8479
2 1644 7063
2 8683 5951
2 8991 9222
2 7394 3401
2 6552 930
2 6181 2978
2 9265 4553
2 9009 4959
2 7221 5271
2 4596 1145
2 1234 7339
2 1465 4458
2 2741 7750
2 2600 7120
2 359 5468
2 8308 2910
2 3509 4306
2 1631 62
2 6934 9616
2 8603 7576
2 4869 4085
2 5027 5283
2 6398 6504
2 7882 2396
2 900 404
2 3908 6210
2 7205 597
2 5274 1402
2 8521 6671
2 3262 6122
2 7868 8531
2 5037 20
2 2304 9568
2 5434 7509
2 4396 7361
2 5984 7089
2 7431 491
2 8499 9196
2 793 2520
2 2522 4014
2 8625 177
2 913 4497
2 6334 5442
2 1197 1917
2 806 7312
2 7865 4186
2 4597 3054
2 8543 2841
2 7817 9969
2 7322 8428
2 8692 8799
2 7293 7499
2 3150 2390
2 6195 4522
2 6811 4414
2 3610 2980
2 6196 3872
2 1179 2576
2 3399 2245
2 7593 6691
2 9414 2671
2 1614 5966
2 4277 5996
2 3369 7076
2 3877 5784
2 5393 7238
2 8872 4837
2 9974 8545
2 5606 3561
2 9626 8075
2 9950 6390
2 2261 8168
2 2313 6574
2 2959 1509
2 8654 678
2 9844 5515
2 3982 7805
2 7821 5145
2 2141 7495
2 5212 3823
2 6440 8733
2 6863 8681
2 4046 617
2 7907 9536
2 523 4206
2 8160 3664
2 8243 4259
2 8645 2963
2 663 754
2 4987 2508
2 7345 3713
2 3897 6485
2 6012 7970
2 4996 4327
2 8960 5695
2 9028 4784
2 701 7608
2 5488 6998
2 154 8267
2 8834 3834
2 9905 6486
2 5833 44
2 1932 9207
2 3670 4222
2 3201 4246
2 6271 660
2 5892 3520
2 4978 2341
2 4981 2023
2 2367 1974
2 2692 1972
2 7937 521
2 8455 3712
2 6227 890
2 6639 4348
2 1039 8850
2 5165 5422
2 5209 6609
2 2853 9
2 4998 6956
2 6933 3843
2 7746 3244
2 8823 2789
2 6664 6011
2 9318 6987
2 917 3299
2 9526 9115
2 6353 7181
2 3418 7074
2 6439 7776
2 6055 1692
2 8707 1295
2 9075 2570
2 9717 5407
2 4662 3058
2 2904 370
2 577 5822
2 5323 1532
2 7028 4203
2 8338 9133
2 2082 8932
2 5901 3379
2 6742 5309
2 1120 3446
2 2918 7845
2 4847 3732
2 5619 2821
2 9406 5102
2 697 9208
2 4618 2884
2 8690 4531
2 1767 6992
2 7806 841
2 8163 9799
2 9959 2366
2 4749 2188
2 6635 9719
2 204 1288
2 7253 8597
2 960 4282
2 1624 8686
2 7787 7738
2 9069 3817
2 1647 6930
2 2659 9637
2 9378 2210
2 181 6179
2 5543 9825
2 7405 658
2 9685 4180
2 9310 2268
2 9328 6997
2 169 552
2 4163 8674
2 7487 8555
2 1328 7217
2 2505 5256
2 7975 1401
2 7422 7301
2 3336 6854
2 8301 677
2 9551 5783
2 9982 997
2 4634 4440
2 8124 8346
2 2588 2674
2 5592 3110
2 2080 5720
2 4050 7302
2 5303 3581
2 2137 6754
2 2804 711
2 7332 1155
2 357 8993
2 9308 5942
2 1370 7752
2 4291 4890
2 2802 842
2 3841 2699
2 5356 8467
2 107 366
2 1207 591
2 459 5462
2 853 1994
2 1698 5818
2 9666 3894
2 5128 2065
2 8234 9107
2 345 3879
2 1572 5112
2 1834 606
2 8166 480
2 1066 2770
2 4795 6920
2 9624 5033
2 2468 9455
2 2626 3105
2 4880 3003
2 9628 3152
2 7159 779
2 7728 2635
2 53 3658
2 665 759
2 9612 2068
2 2242 1548
2 9355 8634
2 5449 6939
2 6026 1630
2 7548 8560
2 8392 3402
2 8676 6705
2 8375 6675
2 650 5566
2 9764 7723
2 9602 6556
2 3215 4806
2 6457 6162
2 8377 3724
2 7578 5948
2 3275 4729
2 9967 2170
2 6763 4866
2 7384 7178
2 7454 9742
2 8912 7404
2 3435 8212
2 3415 6533
2 6436 4585
2 8749 9204
2 2067 5175
2 4330 9881
2 8461 9667
2 9320 4129
2 1950 8789
2 9408 3668
2 5183 239
2 6629 4013
2 2138 6030
2 4184 3133
2 6034 4064
2 1172 5800
2 6902 8639
2 8997 2833
2 2721 8649
2 3203 1884
2 4087 5757
2 1091 6579
2 1419 5999
2 3960 9786
2 7279 8169
2 9240 9842
2 4833 848
2 6288 478
2 8721 8261
2 4647 7755
2 6789 4452
2 2766 1827
2 3674 8802
2 7950 2391
2 1255 8675
2 5213 5060
2 1903 3522
2 8106 9517
2 8544 6757
2 7481 2235
2 9343 485
2 1491 3070
2 1810 8225
2 2140 4094
2 1968 6467
2 3196 7855
2 4038 5399
2 5119 5389
2 9678 3346
2 394 939
2 6036 7935
2 8868 8136
2 8779 3474
2 3391 1719
2 7798 8710
2 2846 7370
2 6360 9805
2 3521 9149
