3 2574 6860 3985
3 1988 2779 5222
3 7966 7112 7519
3 6002 7096 9349
3 6448 5132 2271
3 9696 1437 8756
3 7309 9895 4357
3 6263 8223 2475
3 6233 6576 6243
3 6875 8832 1644
3 7258 9975 9344
3 567 9274 5374
3 7109 6101 9554
4 9177 3559 5519 2175
3 3690 5206 7031
3 9055 2156 4477
3 933 4766 2220
3 3193 922 8705
4 3483 5126 5830 2248
3 4054 1091 2750
3 5924 2501 1090
4 8580 7954 4949 4324
4 8036 4851 369 5544
4 6595 1438 7646 7377
4 9986 9127 6972 1235
3 2753 3984 8074
3 6122 9359 7587
2 6710 4568
3 7003 4169 9316
2 5025 3006
3 3473 5144 707
3 6060 7622 327
2 6548 3227
3 9407 2363 7261
3 8734 6042 2473
2 9848 8160
2 6524 7340
2 4219 6581
2 2076 9185
2 3536 9256
2 1230 334
2 4712 7711
2 9321 193
2 5173 6255
2 6951 3942
2 8678 8661
2 4416 4691
3 5498 749 525
2 5471 8434
2 902 520
2 819 3605
2 7877 9093
2 3056 2940
2 7142 8893
2 6562 9725
2 9763 3311
2 6771 6766
3 1141 5952 1399
3 450 5913 3426
2 3305 2399
2 7317 7122
2 9113 9802
3 5602 3971 2060
2 722 7484
2 2651 6868
2 2231 3650
2 8603 3016
2 9874 3902
2 8620 4281
2 2923 7281
2 3974 7254
2 5875 9814
2 1322 3219
3 9481 9001 2596
2 6117 5853
2 9658 4619
2 3632 7198
2 2104 8439
2 5760 1681
2 7920 4061
2 329 6514
2 9890 9585
2 2340 9216
2 1771 6984
2 8694 2644
2 1257 4165
2 1721 1131
2 3037 8210
3 4709 3496 9430
2 186 5056
2 8645 5015
2 3784 6795
2 8808 8141
2 1916 6440
2 4613 2259
2 8401 8549
2 6677 5086
2 8612 8343
2 4066 5656
2 7850 9657
2 8716 2800
2 9281 3961
2 8625 5407
2 795 86
2 6483 2851
2 7396 1769
2 3282 1618
2 8495 2159
2 2324 5060
2 105 4526
2 6599 4467
2 7189 625
2 8442 2584
2 8229 4523
2 2310 7365
2 316 7729
2 8531 1501
2 4539 8057
2 3260 4350
2 6262 2908
2 1939 2550
2 6297 6531
2 6321 4804
2 283 9191
2 8205 1683
2 7690 1710
2 4085 5509
2 5942 8588
2 4517 4488
2 7890 6521
2 9604 4231
2 1937 4588
2 8489 3975
2 8389 6200
2 1082 6762
2 4823 1933
2 4514 9027
2 5177 7259
2 1545 538
2 9812 7124
2 4959 2238
2 3064 7630
2 3073 4399
2 45 4091
2 4737 227
2 1720 7901
2 3250 9220
2 5675 1
3 9797 39 3859
2 1323 812
2 3440 93
2 4543 3720
2 7405 4162
2 1008 8718
2 3638 3729
2 8150 3904
2 120 1274
2 8354 6997
2 937 9181
2 9784 6007
2 4600 4960
2 5525 4971
2 7087 1929
2 7874 8324
2 3832 5444
2 5958 4726
2 1184 3442
2 2035 1695
2 6469 9607
2 7603 1031
2 2398 1269
2 7908 2164
2 2872 8950
2 4925 8131
2 2839 6672
2 7975 4387
2 6929 4135
2 4601 7786
2 4758 2186
2 6856 5321
2 6959 2603
2 6656 1500
2 8978 5771
2 425 5877
2 2093 5949
2 1667 9367
2 9870 7925
2 6399 9699
2 1379 6882
2 8623 8561
3 3048 5788 1781
2 2943 4995
2 4082 1349
3 4513 1942 3798
2 1879 6472
2 4088 6408
2 4362 4801
2 685 7088
2 1303 1682
2 7780 8847
2 7689 1446
2 8484 1155
2 6147 2225
2 7957 4837
2 4092 5051
2 5118 2436
2 5327 6780
2 9970 136
2 1557 2678
2 6610 5430
2 861 2939
2 5981 5089
2 5110 1546
2 7808 8891
2 2689 1144
2 4950 4704
2 3754 5001
2 4359 590
2 5018 3
2 6329 8214
2 1649 9517
2 2582 7818
2 3104 3209
2 2254 1004
2 3218 1385
2 3698 2497
2 719 6584
2 804 620
2 9690 7516
2 3058 2173
2 3379 7306
2 5599 4273
2 5780 4640
2 7700 2566
2 634 404
2 2559 9198
2 4878 7416
2 9896 3947
2 8200 5606
2 629 3435
2 5069 1925
2 2485 4661
2 5007 2968
2 628 8441
2 4397 7614
2 9766 3804
2 5658 6481
2 9313 2713
2 6428 6722
2 876 9876
2 7229 9828
2 3931 9665
2 5142 4168
2 984 9985
2 2266 561
2 6180 828
2 1634 2304
2 3141 3719
2 7029 9477
2 1497 5166
2 8655 9738
2 8697 5217
2 472 2131
2 9010 724
2 168 3230
2 2529 6212
2 7625 3446
2 972 6176
2 4598 4111
2 6005 7799
2 7858 4238
2 8388 4609
2 7785 1913
2 197 826
2 1852 7926
2 3143 8498
2 6105 8171
2 7466 4251
2 7266 5140
2 9424 4750
2 5919 8745
2 6508 2272
3 6688 8217 9257
2 6455 8118
2 5081 6836
2 5197 9396
2 8107 1466
2 3717 339
2 4832 1707
2 1746 3725
2 6372 2808
2 3159 1768
2 5922 1723
2 394 3581
2 1299 4462
2 4354 849
2 1950 2103
2 3179 9425
2 7204 655
2 9684 1076
2 470 8111
2 7724 9080
2 7914 297
2 9504 612
2 2085 8592
2 2437 3549
2 6942 2748
2 8033 2397
2 8916 7176
2 7163 6113
2 4928 9770
2 6834 5223
2 3268 9897
2 8194 4783
2 2318 2531
2 4744 9089
2 5246 6023
2 7747 3454
2 2741 9984
2 7694 9619
2 6224 762
2 9385 357
2 2253 8985
2 1810 3342
2 7256 6282
2 5358 9298
2 7270 50
2 8567 1630
2 6094 6137
2 1382 2950
2 2760 7344
2 4260 5693
2 7190 2917
2 8392 4952
2 9459 3411
2 2165 1569
2 3401 4975
2 9744 4997
2 4401 5263
2 8715 9049
2 8938 5926
2 3388 9908
2 3779 5756
2 6357 1170
2 2327 4813
2 7551 6189
2 1793 8536
2 7776 5454
2 9237 3182
2 6558 7746
