3 8727 5606 2677
3 9697 9765 7124
2 644 6106
3 8916 5204 3420
2 2563 7045
2 3081 3555
3 7533 591 8582
2 1448 4341
3 7503 4772 6520
2 8888 7903
2 4560 4002
2 3728 4840
2 7034 5885
2 2193 4128
2 3271 8406
2 1083 1169 2 5199 2396
2 5164 2501
2 320 9853
2 5649 8139
2 3323 7114
2 6612 501
2 9421 6684
2 7698 2648
3 4673 2763 9458
2 2097 4706
2 5187 8661
2 3739 9319
2 4093 5220
2 3115 1957
2 7393 7959
2 2036 5996
2 474 4822
2 3526 7910
2 22 2668
2 1082 8239
2 2797 1780
2 7035 7237
2 1840 6872
2 6677 9309
2 7619 7161
2 1384 4046
2 7137 4188
2 7264 8373
2 7859 4451
2 5957 7090
2 3090 7468
2 692 129
2 2485 8854
2 6626 2689
2 3374 2210
2 4649 5197
2 6594 9413
2 7287 6047
2 4513 9287
2 2682 7578
2 4834 7678
2 2622 1218
2 8035 6833
2 2582 7860
2 3281 4471
2 4695 1979
2 6791 2801
2 6236 8482
2 7644 7385
2 5024 9405
2 7080 1795
2 3110 278
2 3925 6377
2 9264 6103
2 2922 8927
2 8069 4579
2 3061 4230
2 3118 6420
2 3910 704
2 9431 1925
2 2232 3725
2 6971 7905
2 7351 3805
2 8740 1892
2 6082 7791
